0.01000000 822.07941314
0.03000000 820.97205139
0.05000000 825.68877286
0.07000000 840.23069537
0.09000000 864.37766817
0.11000000 895.10276710
0.13000000 928.77385549
0.15000000 962.17133248
0.17000000 992.75233259
0.19000000 1018.93401963
0.21000000 1040.29534465
0.23000000 1057.44758400
0.25000000 1071.38569375
0.27000000 1082.81339098
0.29000000 1091.86874239
0.31000000 1098.49721831
0.33000000 1102.97774086
0.35000000 1106.13574962
0.37000000 1108.94145320
0.39000000 1111.94906514
0.41000000 1115.04212070
0.43000000 1117.81255699
0.45000000 1120.13863455
0.47000000 1122.48357704
0.49000000 1125.58774116
0.51000000 1131.29895178
0.53000000 1133.03458501
0.55000000 1139.95285348
0.57000000 1149.96222023
0.59000000 1159.99257863
0.61000000 1168.47137762
0.63000000 1175.09566087
0.65000000 1180.16390147
0.67000000 1184.08009381
0.69000000 1187.18430458
0.71000000 1189.69344512
0.73000000 1191.75372682
0.75000000 1193.44907457
0.77000000 1194.84895699
0.79000000 1195.99392717
0.81000000 1196.92695696
0.83000000 1197.67228654
0.85000000 1198.26385065
0.87000000 1198.72080674
0.89000000 1199.07249381
0.91000000 1199.33274535
0.93000000 1199.52555922
0.95000000 1199.66019620
0.97000000 1199.75620781
0.99000000 1199.81785602
1.01000000 1199.85970946
1.03000000 1199.88323996
1.05000000 1199.89928444
1.07000000 1199.91334177
1.09000000 1199.92652828
1.11000000 1199.93847447
1.13000000 1199.94875998
1.15000000 1199.95729907
1.17000000 1199.96423862
1.19000000 1199.96983941
1.21000000 1199.97436301
1.23000000 1199.97804517
1.25000000 1199.98107132
1.27000000 1199.98358996
1.29000000 1199.98571020
1.31000000 1199.98751677
1.33000000 1199.98907046
1.35000000 1199.99041879
1.37000000 1199.99159604
1.39000000 1199.99262975
1.41000000 1199.99354024
1.43000000 1199.99434441
1.45000000 1199.99505530
1.47000000 1199.99568412
1.49000000 1199.99623994
1.51000000 1199.99673077
1.53000000 1199.99716349
1.55000000 1199.99754431
1.57000000 1199.99787876
1.59000000 1199.99817183
1.61000000 1199.99842797
1.63000000 1199.99865124
1.65000000 1199.99884533
1.67000000 1199.99901358
1.69000000 1199.99915905
1.71000000 1199.99928449
1.73000000 1199.99939239
1.75000000 1199.99948496
1.77000000 1199.99956420
1.79000000 1199.99963187
1.81000000 1199.99968954
1.83000000 1199.99973858
1.85000000 1199.99978020
1.87000000 1199.99981546
1.89000000 1199.99984527
1.91000000 1199.99987043
1.93000000 1199.99989164
1.95000000 1199.99990948
1.97000000 1199.99992447
1.99000000 1199.99993705
2.01000000 1199.99994759
2.03000000 1199.99995640
2.05000000 1199.99996377
2.07000000 1199.99996992
2.09000000 1199.99997505
2.11000000 1199.99997932
2.13000000 1199.99998287
2.15000000 1199.99998583
2.17000000 1199.99998828
2.19000000 1199.99999031
2.21000000 1199.99999200
2.23000000 1199.99999340
2.25000000 1199.99999456
2.27000000 1199.99999551
2.29000000 1199.99999630
2.31000000 1199.99999696
2.33000000 1199.99999750
2.35000000 1199.99999794
2.37000000 1199.99999831
2.39000000 1199.99999861
2.41000000 1199.99999886
2.43000000 1199.99999906
2.45000000 1199.99999923
2.47000000 1199.99999937
2.49000000 1199.99999948
2.51000000 1199.99999958
2.53000000 1199.99999965
2.55000000 1199.99999971
2.57000000 1199.99999977
2.59000000 1199.99999981
2.61000000 1199.99999984
2.63000000 1199.99999987
2.65000000 1199.99999990
2.67000000 1199.99999991
2.69000000 1199.99999993
2.71000000 1199.99999994
2.73000000 1199.99999995
2.75000000 1199.99999996
2.77000000 1199.99999997
2.79000000 1199.99999997
2.81000000 1199.99999998
2.83000000 1199.99999998
2.85000000 1199.99999999
2.87000000 1199.99999999
2.89000000 1199.99999999
2.91000000 1199.99999999
2.93000000 1199.99999999
2.95000000 1199.99999999
2.97000000 1200.00000000
2.99000000 1200.00000000
3.01000000 1200.00000000
3.03000000 1200.00000000
3.05000000 1200.00000000
3.07000000 1200.00000000
3.09000000 1200.00000000
3.11000000 1200.00000000
3.13000000 1200.00000000
3.15000000 1200.00000000
3.17000000 1200.00000000
3.19000000 1200.00000000
3.21000000 1200.00000000
3.23000000 1200.00000000
3.25000000 1200.00000000
3.27000000 1200.00000000
3.29000000 1200.00000000
3.31000000 1200.00000000
3.33000000 1200.00000000
3.35000000 1200.00000000
3.37000000 1200.00000000
3.39000000 1200.00000000
3.41000000 1200.00000000
3.43000000 1200.00000000
3.45000000 1200.00000000
3.47000000 1200.00000000
3.49000000 1200.00000000
3.51000000 1200.00000000
3.53000000 1200.00000000
3.55000000 1200.00000000
3.57000000 1200.00000000
3.59000000 1200.00000000
3.61000000 1200.00000000
3.63000000 1200.00000000
3.65000000 1200.00000000
3.67000000 1200.00000000
3.69000000 1200.00000000
3.71000000 1200.00000000
3.73000000 1200.00000000
3.75000000 1200.00000000
3.77000000 1200.00000000
3.79000000 1200.00000000
3.81000000 1200.00000000
3.83000000 1200.00000000
3.85000000 1200.00000000
3.87000000 1200.00000000
3.89000000 1200.00000000
3.91000000 1200.00000000
3.93000000 1200.00000000
3.95000000 1200.00000000
3.97000000 1200.00000000
3.99000000 1200.00000000
4.01000000 1200.00000000
4.03000000 1200.00000000
4.05000000 1200.00000000
4.07000000 1200.00000000
4.09000000 1200.00000000
4.11000000 1200.00000000
4.13000000 1200.00000000
4.15000000 1200.00000000
4.17000000 1200.00000000
4.19000000 1200.00000000
4.21000000 1200.00000000
4.23000000 1200.00000000
4.25000000 1200.00000000
4.27000000 1200.00000000
4.29000000 1200.00000000
4.31000000 1200.00000000
4.33000000 1200.00000000
4.35000000 1200.00000000
4.37000000 1200.00000000
4.39000000 1200.00000000
4.41000000 1200.00000000
4.43000000 1200.00000000
4.45000000 1200.00000000
4.47000000 1200.00000000
4.49000000 1200.00000000
4.51000000 1200.00000000
4.53000000 1200.00000000
4.55000000 1200.00000000
4.57000000 1200.00000000
4.59000000 1200.00000000
4.61000000 1200.00000000
4.63000000 1200.00000000
4.65000000 1200.00000000
4.67000000 1200.00000000
4.69000000 1200.00000000
4.71000000 1200.00000000
4.73000000 1200.00000000
4.75000000 1200.00000000
4.77000000 1200.00000000
4.79000000 1200.00000000
4.81000000 1200.00000000
4.83000000 1200.00000000
4.85000000 1200.00000000
4.87000000 1200.00000000
4.89000000 1200.00000000
4.91000000 1200.00000000
4.93000000 1200.00000000
4.95000000 1200.00000000
4.97000000 1200.00000000
4.99000000 1200.00000000
5.01000000 1200.00000000
5.03000000 1200.00000000
5.05000000 1200.00000000
5.07000000 1200.00000000
5.09000000 1200.00000000
5.11000000 1200.00000000
5.13000000 1200.00000000
5.15000000 1200.00000000
5.17000000 1200.00000000
5.19000000 1200.00000000
5.21000000 1200.00000000
5.23000000 1200.00000000
5.25000000 1200.00000000
5.27000000 1200.00000000
5.29000000 1200.00000000
5.31000000 1200.00000000
5.33000000 1200.00000000
5.35000000 1200.00000000
5.37000000 1200.00000000
5.39000000 1200.00000000
5.41000000 1200.00000000
5.43000000 1200.00000000
5.45000000 1200.00000000
5.47000000 1200.00000000
5.49000000 1200.00000000
5.51000000 1200.00000000
5.53000000 1200.00000000
5.55000000 1200.00000000
5.57000000 1200.00000000
5.59000000 1200.00000000
5.61000000 1200.00000000
5.63000000 1200.00000000
5.65000000 1200.00000000
5.67000000 1200.00000000
5.69000000 1200.00000000
5.71000000 1200.00000000
5.73000000 1200.00000000
5.75000000 1200.00000000
5.77000000 1200.00000000
5.79000000 1200.00000000
5.81000000 1200.00000000
5.83000000 1200.00000000
5.85000000 1200.00000000
5.87000000 1200.00000000
5.89000000 1200.00000000
5.91000000 1200.00000000
5.93000000 1200.00000000
5.95000000 1200.00000000
5.97000000 1200.00000000
5.99000000 1200.00000000
6.01000000 1200.00000000
6.03000000 1200.00000000
6.05000000 1200.00000000
6.07000000 1200.00000000
6.09000000 1200.00000000
6.11000000 1200.00000000
6.13000000 1200.00000000
6.15000000 1200.00000000
6.17000000 1200.00000000
6.19000000 1200.00000000
6.21000000 1200.00000000
6.23000000 1200.00000000
6.25000000 1200.00000000
6.27000000 1200.00000000
6.29000000 1200.00000000
6.31000000 1200.00000000
6.33000000 1200.00000000
6.35000000 1200.00000000
6.37000000 1200.00000000
6.39000000 1200.00000000
6.41000000 1200.00000000
6.43000000 1200.00000000
6.45000000 1200.00000000
6.47000000 1200.00000000
6.49000000 1200.00000000
6.51000000 1200.00000000
6.53000000 1200.00000000
6.55000000 1200.00000000
6.57000000 1200.00000000
6.59000000 1200.00000000
6.61000000 1200.00000000
6.63000000 1200.00000000
6.65000000 1200.00000000
6.67000000 1200.00000000
6.69000000 1200.00000000
6.71000000 1200.00000000
6.73000000 1200.00000000
6.75000000 1200.00000000
6.77000000 1200.00000000
6.79000000 1200.00000000
6.81000000 1200.00000000
6.83000000 1200.00000000
6.85000000 1200.00000000
6.87000000 1200.00000000
6.89000000 1200.00000000
6.91000000 1200.00000000
6.93000000 1200.00000000
6.95000000 1200.00000000
6.97000000 1200.00000000
6.99000000 1200.00000000
7.01000000 1200.00000000
7.03000000 1200.00000000
7.05000000 1200.00000000
7.07000000 1200.00000000
7.09000000 1200.00000000
7.11000000 1200.00000000
7.13000000 1200.00000000
7.15000000 1200.00000000
7.17000000 1200.00000000
7.19000000 1200.00000000
7.21000000 1200.00000000
7.23000000 1200.00000000
7.25000000 1200.00000000
7.27000000 1200.00000000
7.29000000 1200.00000000
7.31000000 1200.00000000
7.33000000 1200.00000000
7.35000000 1200.00000000
7.37000000 1200.00000000
7.39000000 1200.00000000
7.41000000 1200.00000000
7.43000000 1200.00000000
7.45000000 1200.00000000
7.47000000 1200.00000000
7.49000000 1200.00000000
7.51000000 1200.00000000
7.53000000 1200.00000000
7.55000000 1200.00000000
7.57000000 1200.00000000
7.59000000 1200.00000000
7.61000000 1200.00000000
7.63000000 1200.00000000
7.65000000 1200.00000000
7.67000000 1200.00000000
7.69000000 1200.00000000
7.71000000 1200.00000000
7.73000000 1200.00000000
7.75000000 1200.00000000
7.77000000 1200.00000000
7.79000000 1200.00000000
7.81000000 1200.00000000
7.83000000 1200.00000000
7.85000000 1200.00000000
7.87000000 1200.00000000
7.89000000 1200.00000000
7.91000000 1200.00000000
7.93000000 1200.00000000
7.95000000 1200.00000000
7.97000000 1200.00000000
7.99000000 1200.00000000
