0.01000000 815.77079373
0.03000000 814.77324973
0.05000000 819.99723515
0.07000000 835.72271635
0.09000000 861.58854026
0.11000000 894.13725243
0.13000000 929.31041677
0.15000000 963.68681633
0.17000000 994.77995719
0.19000000 1021.20197461
0.21000000 1042.68136020
0.23000000 1059.84565597
0.25000000 1073.62829375
0.27000000 1084.74192420
0.29000000 1093.47979557
0.31000000 1100.02173214
0.33000000 1104.78465123
0.35000000 1108.52283308
0.37000000 1111.96952664
0.39000000 1115.46187817
0.41000000 1118.83870866
0.43000000 1121.82032191
0.45000000 1124.41898527
0.47000000 1127.12088702
0.49000000 1132.00814676
0.51000000 1132.84701843
0.53000000 1139.59930423
0.55000000 1149.81811747
0.57000000 1160.08169182
0.59000000 1168.66884162
0.61000000 1175.30640072
0.63000000 1180.33259711
0.65000000 1184.20453365
0.67000000 1187.26605271
0.69000000 1189.75127109
0.71000000 1191.79005390
0.73000000 1193.47697274
0.75000000 1194.86605818
0.77000000 1196.01121473
0.79000000 1196.94082541
0.81000000 1197.69097270
0.83000000 1198.27938446
0.85000000 1198.73794762
0.87000000 1199.08326603
0.89000000 1199.34513934
0.91000000 1199.53472699
0.93000000 1199.67380795
0.95000000 1199.76573913
0.97000000 1199.82770388
0.99000000 1199.86290928
1.01000000 1199.88648781
1.03000000 1199.90617575
1.05000000 1199.92379133
1.07000000 1199.93906535
1.09000000 1199.95167769
1.11000000 1199.96167692
1.13000000 1199.96940991
1.15000000 1199.97530708
1.17000000 1199.97979157
1.19000000 1199.98320985
1.21000000 1199.98584245
1.23000000 1199.98789665
1.25000000 1199.98953118
1.27000000 1199.99085711
1.29000000 1199.99195697
1.31000000 1199.99288638
1.33000000 1199.99368679
1.35000000 1199.99438589
1.37000000 1199.99500472
1.39000000 1199.99555704
1.41000000 1199.99605333
1.43000000 1199.99650042
1.45000000 1199.99690378
1.47000000 1199.99726748
1.49000000 1199.99759507
1.51000000 1199.99788959
1.53000000 1199.99815366
1.55000000 1199.99838962
1.57000000 1199.99859969
1.59000000 1199.99878596
1.61000000 1199.99895049
1.63000000 1199.99909524
1.65000000 1199.99922211
1.67000000 1199.99933290
1.69000000 1199.99942931
1.71000000 1199.99951293
1.73000000 1199.99958522
1.75000000 1199.99964753
1.77000000 1199.99970109
1.79000000 1199.99974699
1.81000000 1199.99978624
1.83000000 1199.99981971
1.85000000 1199.99984819
1.87000000 1199.99987237
1.89000000 1199.99989287
1.91000000 1199.99991020
1.93000000 1199.99992482
1.95000000 1199.99993715
1.97000000 1199.99994752
1.99000000 1199.99995623
2.01000000 1199.99996354
2.03000000 1199.99996966
2.05000000 1199.99997477
2.07000000 1199.99997905
2.09000000 1199.99998262
2.11000000 1199.99998559
2.13000000 1199.99998806
2.15000000 1199.99999012
2.17000000 1199.99999183
2.19000000 1199.99999325
2.21000000 1199.99999442
2.23000000 1199.99999540
2.25000000 1199.99999621
2.27000000 1199.99999687
2.29000000 1199.99999742
2.31000000 1199.99999788
2.33000000 1199.99999826
2.35000000 1199.99999857
2.37000000 1199.99999882
2.39000000 1199.99999903
2.41000000 1199.99999920
2.43000000 1199.99999935
2.45000000 1199.99999946
2.47000000 1199.99999956
2.49000000 1199.99999964
2.51000000 1199.99999970
2.53000000 1199.99999976
2.55000000 1199.99999980
2.57000000 1199.99999984
2.59000000 1199.99999987
2.61000000 1199.99999989
2.63000000 1199.99999991
2.65000000 1199.99999993
2.67000000 1199.99999994
2.69000000 1199.99999995
2.71000000 1199.99999996
2.73000000 1199.99999997
2.75000000 1199.99999997
2.77000000 1199.99999998
2.79000000 1199.99999998
2.81000000 1199.99999999
2.83000000 1199.99999999
2.85000000 1199.99999999
2.87000000 1199.99999999
2.89000000 1199.99999999
2.91000000 1199.99999999
2.93000000 1200.00000000
2.95000000 1200.00000000
2.97000000 1200.00000000
2.99000000 1200.00000000
3.01000000 1200.00000000
3.03000000 1200.00000000
3.05000000 1200.00000000
3.07000000 1200.00000000
3.09000000 1200.00000000
3.11000000 1200.00000000
3.13000000 1200.00000000
3.15000000 1200.00000000
3.17000000 1200.00000000
3.19000000 1200.00000000
3.21000000 1200.00000000
3.23000000 1200.00000000
3.25000000 1200.00000000
3.27000000 1200.00000000
3.29000000 1200.00000000
3.31000000 1200.00000000
3.33000000 1200.00000000
3.35000000 1200.00000000
3.37000000 1200.00000000
3.39000000 1200.00000000
3.41000000 1200.00000000
3.43000000 1200.00000000
3.45000000 1200.00000000
3.47000000 1200.00000000
3.49000000 1200.00000000
3.51000000 1200.00000000
3.53000000 1200.00000000
3.55000000 1200.00000000
3.57000000 1200.00000000
3.59000000 1200.00000000
3.61000000 1200.00000000
3.63000000 1200.00000000
3.65000000 1200.00000000
3.67000000 1200.00000000
3.69000000 1200.00000000
3.71000000 1200.00000000
3.73000000 1200.00000000
3.75000000 1200.00000000
3.77000000 1200.00000000
3.79000000 1200.00000000
3.81000000 1200.00000000
3.83000000 1200.00000000
3.85000000 1200.00000000
3.87000000 1200.00000000
3.89000000 1200.00000000
3.91000000 1200.00000000
3.93000000 1200.00000000
3.95000000 1200.00000000
3.97000000 1200.00000000
3.99000000 1200.00000000
4.01000000 1200.00000000
4.03000000 1200.00000000
4.05000000 1200.00000000
4.07000000 1200.00000000
4.09000000 1200.00000000
4.11000000 1200.00000000
4.13000000 1200.00000000
4.15000000 1200.00000000
4.17000000 1200.00000000
4.19000000 1200.00000000
4.21000000 1200.00000000
4.23000000 1200.00000000
4.25000000 1200.00000000
4.27000000 1200.00000000
4.29000000 1200.00000000
4.31000000 1200.00000000
4.33000000 1200.00000000
4.35000000 1200.00000000
4.37000000 1200.00000000
4.39000000 1200.00000000
4.41000000 1200.00000000
4.43000000 1200.00000000
4.45000000 1200.00000000
4.47000000 1200.00000000
4.49000000 1200.00000000
4.51000000 1200.00000000
4.53000000 1200.00000000
4.55000000 1200.00000000
4.57000000 1200.00000000
4.59000000 1200.00000000
4.61000000 1200.00000000
4.63000000 1200.00000000
4.65000000 1200.00000000
4.67000000 1200.00000000
4.69000000 1200.00000000
4.71000000 1200.00000000
4.73000000 1200.00000000
4.75000000 1200.00000000
4.77000000 1200.00000000
4.79000000 1200.00000000
4.81000000 1200.00000000
4.83000000 1200.00000000
4.85000000 1200.00000000
4.87000000 1200.00000000
4.89000000 1200.00000000
4.91000000 1200.00000000
4.93000000 1200.00000000
4.95000000 1200.00000000
4.97000000 1200.00000000
4.99000000 1200.00000000
5.01000000 1200.00000000
5.03000000 1200.00000000
5.05000000 1200.00000000
5.07000000 1200.00000000
5.09000000 1200.00000000
5.11000000 1200.00000000
5.13000000 1200.00000000
5.15000000 1200.00000000
5.17000000 1200.00000000
5.19000000 1200.00000000
5.21000000 1200.00000000
5.23000000 1200.00000000
5.25000000 1200.00000000
5.27000000 1200.00000000
5.29000000 1200.00000000
5.31000000 1200.00000000
5.33000000 1200.00000000
5.35000000 1200.00000000
5.37000000 1200.00000000
5.39000000 1200.00000000
5.41000000 1200.00000000
5.43000000 1200.00000000
5.45000000 1200.00000000
5.47000000 1200.00000000
5.49000000 1200.00000000
5.51000000 1200.00000000
5.53000000 1200.00000000
5.55000000 1200.00000000
5.57000000 1200.00000000
5.59000000 1200.00000000
5.61000000 1200.00000000
5.63000000 1200.00000000
5.65000000 1200.00000000
5.67000000 1200.00000000
5.69000000 1200.00000000
5.71000000 1200.00000000
5.73000000 1200.00000000
5.75000000 1200.00000000
5.77000000 1200.00000000
5.79000000 1200.00000000
5.81000000 1200.00000000
5.83000000 1200.00000000
5.85000000 1200.00000000
5.87000000 1200.00000000
5.89000000 1200.00000000
5.91000000 1200.00000000
5.93000000 1200.00000000
5.95000000 1200.00000000
5.97000000 1200.00000000
5.99000000 1200.00000000
6.01000000 1200.00000000
6.03000000 1200.00000000
6.05000000 1200.00000000
6.07000000 1200.00000000
6.09000000 1200.00000000
6.11000000 1200.00000000
6.13000000 1200.00000000
6.15000000 1200.00000000
6.17000000 1200.00000000
6.19000000 1200.00000000
6.21000000 1200.00000000
6.23000000 1200.00000000
6.25000000 1200.00000000
6.27000000 1200.00000000
6.29000000 1200.00000000
6.31000000 1200.00000000
6.33000000 1200.00000000
6.35000000 1200.00000000
6.37000000 1200.00000000
6.39000000 1200.00000000
6.41000000 1200.00000000
6.43000000 1200.00000000
6.45000000 1200.00000000
6.47000000 1200.00000000
6.49000000 1200.00000000
6.51000000 1200.00000000
6.53000000 1200.00000000
6.55000000 1200.00000000
6.57000000 1200.00000000
6.59000000 1200.00000000
6.61000000 1200.00000000
6.63000000 1200.00000000
6.65000000 1200.00000000
6.67000000 1200.00000000
6.69000000 1200.00000000
6.71000000 1200.00000000
6.73000000 1200.00000000
6.75000000 1200.00000000
6.77000000 1200.00000000
6.79000000 1200.00000000
6.81000000 1200.00000000
6.83000000 1200.00000000
6.85000000 1200.00000000
6.87000000 1200.00000000
6.89000000 1200.00000000
6.91000000 1200.00000000
6.93000000 1200.00000000
6.95000000 1200.00000000
6.97000000 1200.00000000
6.99000000 1200.00000000
7.01000000 1200.00000000
7.03000000 1200.00000000
7.05000000 1200.00000000
7.07000000 1200.00000000
7.09000000 1200.00000000
7.11000000 1200.00000000
7.13000000 1200.00000000
7.15000000 1200.00000000
7.17000000 1200.00000000
7.19000000 1200.00000000
7.21000000 1200.00000000
7.23000000 1200.00000000
7.25000000 1200.00000000
7.27000000 1200.00000000
7.29000000 1200.00000000
7.31000000 1200.00000000
7.33000000 1200.00000000
7.35000000 1200.00000000
7.37000000 1200.00000000
7.39000000 1200.00000000
7.41000000 1200.00000000
7.43000000 1200.00000000
7.45000000 1200.00000000
7.47000000 1200.00000000
7.49000000 1200.00000000
7.51000000 1200.00000000
7.53000000 1200.00000000
7.55000000 1200.00000000
7.57000000 1200.00000000
7.59000000 1200.00000000
7.61000000 1200.00000000
7.63000000 1200.00000000
7.65000000 1200.00000000
7.67000000 1200.00000000
7.69000000 1200.00000000
7.71000000 1200.00000000
7.73000000 1200.00000000
7.75000000 1200.00000000
7.77000000 1200.00000000
7.79000000 1200.00000000
7.81000000 1200.00000000
7.83000000 1200.00000000
7.85000000 1200.00000000
7.87000000 1200.00000000
7.89000000 1200.00000000
7.91000000 1200.00000000
7.93000000 1200.00000000
7.95000000 1200.00000000
7.97000000 1200.00000000
7.99000000 1200.00000000
