0.01000000 866.70298310
0.03000000 865.44159961
0.05000000 868.62358272
0.07000000 879.85509134
0.09000000 899.87994516
0.11000000 926.61599122
0.13000000 956.80995135
0.15000000 987.44148700
0.17000000 1016.33326633
0.19000000 1042.23680476
0.21000000 1064.57947971
0.23000000 1083.23184931
0.25000000 1098.32369614
0.27000000 1110.22356402
0.29000000 1119.48865471
0.31000000 1126.80891203
0.33000000 1132.82697410
0.35000000 1138.01806342
0.37000000 1142.61074220
0.39000000 1146.68430023
0.41000000 1150.27343629
0.43000000 1153.52370687
0.45000000 1157.93466690
0.47000000 1157.95497271
0.49000000 1161.75118190
0.51000000 1168.26100498
0.53000000 1175.15978385
0.55000000 1181.02265299
0.57000000 1185.44808925
0.59000000 1188.57916859
0.61000000 1190.74835651
0.63000000 1192.25830420
0.65000000 1193.34944299
0.67000000 1194.17268666
0.69000000 1194.83330357
0.71000000 1195.38164285
0.73000000 1195.85527122
0.75000000 1196.26401728
0.77000000 1196.62562668
0.79000000 1196.94297352
0.81000000 1197.23171554
0.83000000 1197.49158119
0.85000000 1197.73250648
0.87000000 1197.94813732
0.89000000 1198.14546382
0.91000000 1198.32032356
0.93000000 1198.48084875
0.95000000 1198.63171478
0.97000000 1198.77367052
0.99000000 1198.90583358
1.01000000 1199.02736017
1.03000000 1199.13792540
1.05000000 1199.23774797
1.07000000 1199.32737093
1.09000000 1199.40753018
1.11000000 1199.47901248
1.13000000 1199.54261400
1.15000000 1199.59908503
1.17000000 1199.64913266
1.19000000 1199.69340246
1.21000000 1199.73249198
1.23000000 1199.76694381
1.25000000 1199.79725630
1.27000000 1199.82387973
1.29000000 1199.84722382
1.31000000 1199.86765704
1.33000000 1199.88551247
1.35000000 1199.90108934
1.37000000 1199.91465662
1.39000000 1199.92645522
1.41000000 1199.93670012
1.43000000 1199.94558266
1.45000000 1199.95327279
1.47000000 1199.95992112
1.49000000 1199.96566083
1.51000000 1199.97060947
1.53000000 1199.97487052
1.55000000 1199.97853490
1.57000000 1199.98168236
1.59000000 1199.98438263
1.61000000 1199.98669664
1.63000000 1199.98867747
1.65000000 1199.99037131
1.67000000 1199.99181827
1.69000000 1199.99305313
1.71000000 1199.99410598
1.73000000 1199.99500284
1.75000000 1199.99576615
1.77000000 1199.99641524
1.79000000 1199.99696678
1.81000000 1199.99743504
1.83000000 1199.99783231
1.85000000 1199.99816910
1.87000000 1199.99845442
1.89000000 1199.99869598
1.91000000 1199.99890035
1.93000000 1199.99907315
1.95000000 1199.99921918
1.97000000 1199.99934250
1.99000000 1199.99944660
2.01000000 1199.99953441
2.03000000 1199.99960846
2.05000000 1199.99967086
2.07000000 1199.99972342
2.09000000 1199.99976768
2.11000000 1199.99980493
2.13000000 1199.99983626
2.15000000 1199.99986260
2.17000000 1199.99988475
2.19000000 1199.99990335
2.21000000 1199.99991898
2.23000000 1199.99993210
2.25000000 1199.99994311
2.27000000 1199.99995235
2.29000000 1199.99996010
2.31000000 1199.99996660
2.33000000 1199.99997205
2.35000000 1199.99997661
2.37000000 1199.99998043
2.39000000 1199.99998364
2.41000000 1199.99998632
2.43000000 1199.99998856
2.45000000 1199.99999044
2.47000000 1199.99999201
2.49000000 1199.99999333
2.51000000 1199.99999443
2.53000000 1199.99999534
2.55000000 1199.99999611
2.57000000 1199.99999675
2.59000000 1199.99999729
2.61000000 1199.99999774
2.63000000 1199.99999811
2.65000000 1199.99999843
2.67000000 1199.99999869
2.69000000 1199.99999890
2.71000000 1199.99999909
2.73000000 1199.99999924
2.75000000 1199.99999936
2.77000000 1199.99999947
2.79000000 1199.99999956
2.81000000 1199.99999963
2.83000000 1199.99999969
2.85000000 1199.99999974
2.87000000 1199.99999979
2.89000000 1199.99999982
2.91000000 1199.99999985
2.93000000 1199.99999988
2.95000000 1199.99999990
2.97000000 1199.99999991
2.99000000 1199.99999993
3.01000000 1199.99999994
3.03000000 1199.99999995
3.05000000 1199.99999996
3.07000000 1199.99999997
3.09000000 1199.99999997
3.11000000 1199.99999998
3.13000000 1199.99999998
3.15000000 1199.99999998
3.17000000 1199.99999999
3.19000000 1199.99999999
3.21000000 1199.99999999
3.23000000 1199.99999999
3.25000000 1199.99999999
3.27000000 1199.99999999
3.29000000 1200.00000000
3.31000000 1200.00000000
3.33000000 1200.00000000
3.35000000 1200.00000000
3.37000000 1200.00000000
3.39000000 1200.00000000
3.41000000 1200.00000000
3.43000000 1200.00000000
3.45000000 1200.00000000
3.47000000 1200.00000000
3.49000000 1200.00000000
3.51000000 1200.00000000
3.53000000 1200.00000000
3.55000000 1200.00000000
3.57000000 1200.00000000
3.59000000 1200.00000000
3.61000000 1200.00000000
3.63000000 1200.00000000
3.65000000 1200.00000000
3.67000000 1200.00000000
3.69000000 1200.00000000
3.71000000 1200.00000000
3.73000000 1200.00000000
3.75000000 1200.00000000
3.77000000 1200.00000000
3.79000000 1200.00000000
3.81000000 1200.00000000
3.83000000 1200.00000000
3.85000000 1200.00000000
3.87000000 1200.00000000
3.89000000 1200.00000000
3.91000000 1200.00000000
3.93000000 1200.00000000
3.95000000 1200.00000000
3.97000000 1200.00000000
3.99000000 1200.00000000
4.01000000 1200.00000000
4.03000000 1200.00000000
4.05000000 1200.00000000
4.07000000 1200.00000000
4.09000000 1200.00000000
4.11000000 1200.00000000
4.13000000 1200.00000000
4.15000000 1200.00000000
4.17000000 1200.00000000
4.19000000 1200.00000000
4.21000000 1200.00000000
4.23000000 1200.00000000
4.25000000 1200.00000000
4.27000000 1200.00000000
4.29000000 1200.00000000
4.31000000 1200.00000000
4.33000000 1200.00000000
4.35000000 1200.00000000
4.37000000 1200.00000000
4.39000000 1200.00000000
4.41000000 1200.00000000
4.43000000 1200.00000000
4.45000000 1200.00000000
4.47000000 1200.00000000
4.49000000 1200.00000000
4.51000000 1200.00000000
4.53000000 1200.00000000
4.55000000 1200.00000000
4.57000000 1200.00000000
4.59000000 1200.00000000
4.61000000 1200.00000000
4.63000000 1200.00000000
4.65000000 1200.00000000
4.67000000 1200.00000000
4.69000000 1200.00000000
4.71000000 1200.00000000
4.73000000 1200.00000000
4.75000000 1200.00000000
4.77000000 1200.00000000
4.79000000 1200.00000000
4.81000000 1200.00000000
4.83000000 1200.00000000
4.85000000 1200.00000000
4.87000000 1200.00000000
4.89000000 1200.00000000
4.91000000 1200.00000000
4.93000000 1200.00000000
4.95000000 1200.00000000
4.97000000 1200.00000000
4.99000000 1200.00000000
5.01000000 1200.00000000
5.03000000 1200.00000000
5.05000000 1200.00000000
5.07000000 1200.00000000
5.09000000 1200.00000000
5.11000000 1200.00000000
5.13000000 1200.00000000
5.15000000 1200.00000000
5.17000000 1200.00000000
5.19000000 1200.00000000
5.21000000 1200.00000000
5.23000000 1200.00000000
5.25000000 1200.00000000
5.27000000 1200.00000000
5.29000000 1200.00000000
5.31000000 1200.00000000
5.33000000 1200.00000000
5.35000000 1200.00000000
5.37000000 1200.00000000
5.39000000 1200.00000000
5.41000000 1200.00000000
5.43000000 1200.00000000
5.45000000 1200.00000000
5.47000000 1200.00000000
5.49000000 1200.00000000
5.51000000 1200.00000000
5.53000000 1200.00000000
5.55000000 1200.00000000
5.57000000 1200.00000000
5.59000000 1200.00000000
5.61000000 1200.00000000
5.63000000 1200.00000000
5.65000000 1200.00000000
5.67000000 1200.00000000
5.69000000 1200.00000000
5.71000000 1200.00000000
5.73000000 1200.00000000
5.75000000 1200.00000000
5.77000000 1200.00000000
5.79000000 1200.00000000
5.81000000 1200.00000000
5.83000000 1200.00000000
5.85000000 1200.00000000
5.87000000 1200.00000000
5.89000000 1200.00000000
5.91000000 1200.00000000
5.93000000 1200.00000000
5.95000000 1200.00000000
5.97000000 1200.00000000
5.99000000 1200.00000000
6.01000000 1200.00000000
6.03000000 1200.00000000
6.05000000 1200.00000000
6.07000000 1200.00000000
6.09000000 1200.00000000
6.11000000 1200.00000000
6.13000000 1200.00000000
6.15000000 1200.00000000
6.17000000 1200.00000000
6.19000000 1200.00000000
6.21000000 1200.00000000
6.23000000 1200.00000000
6.25000000 1200.00000000
6.27000000 1200.00000000
6.29000000 1200.00000000
6.31000000 1200.00000000
6.33000000 1200.00000000
6.35000000 1200.00000000
6.37000000 1200.00000000
6.39000000 1200.00000000
6.41000000 1200.00000000
6.43000000 1200.00000000
6.45000000 1200.00000000
6.47000000 1200.00000000
6.49000000 1200.00000000
6.51000000 1200.00000000
6.53000000 1200.00000000
6.55000000 1200.00000000
6.57000000 1200.00000000
6.59000000 1200.00000000
6.61000000 1200.00000000
6.63000000 1200.00000000
6.65000000 1200.00000000
6.67000000 1200.00000000
6.69000000 1200.00000000
6.71000000 1200.00000000
6.73000000 1200.00000000
6.75000000 1200.00000000
6.77000000 1200.00000000
6.79000000 1200.00000000
6.81000000 1200.00000000
6.83000000 1200.00000000
6.85000000 1200.00000000
6.87000000 1200.00000000
6.89000000 1200.00000000
6.91000000 1200.00000000
6.93000000 1200.00000000
6.95000000 1200.00000000
6.97000000 1200.00000000
6.99000000 1200.00000000
7.01000000 1200.00000000
7.03000000 1200.00000000
7.05000000 1200.00000000
7.07000000 1200.00000000
7.09000000 1200.00000000
7.11000000 1200.00000000
7.13000000 1200.00000000
7.15000000 1200.00000000
7.17000000 1200.00000000
7.19000000 1200.00000000
7.21000000 1200.00000000
7.23000000 1200.00000000
7.25000000 1200.00000000
7.27000000 1200.00000000
7.29000000 1200.00000000
7.31000000 1200.00000000
7.33000000 1200.00000000
7.35000000 1200.00000000
7.37000000 1200.00000000
7.39000000 1200.00000000
7.41000000 1200.00000000
7.43000000 1200.00000000
7.45000000 1200.00000000
7.47000000 1200.00000000
7.49000000 1200.00000000
7.51000000 1200.00000000
7.53000000 1200.00000000
7.55000000 1200.00000000
7.57000000 1200.00000000
7.59000000 1200.00000000
7.61000000 1200.00000000
7.63000000 1200.00000000
7.65000000 1200.00000000
7.67000000 1200.00000000
7.69000000 1200.00000000
7.71000000 1200.00000000
7.73000000 1200.00000000
7.75000000 1200.00000000
7.77000000 1200.00000000
7.79000000 1200.00000000
7.81000000 1200.00000000
7.83000000 1200.00000000
7.85000000 1200.00000000
7.87000000 1200.00000000
7.89000000 1200.00000000
7.91000000 1200.00000000
7.93000000 1200.00000000
7.95000000 1200.00000000
7.97000000 1200.00000000
7.99000000 1200.00000000
