0.01000000 833.14605377
0.03000000 832.00611240
0.05000000 836.31890388
0.07000000 849.84409208
0.09000000 872.52892644
0.11000000 901.64584936
0.13000000 933.80510896
0.15000000 965.95946232
0.17000000 995.67866805
0.19000000 1021.39112886
0.21000000 1042.56181813
0.23000000 1059.62776387
0.25000000 1073.47823910
0.27000000 1084.85198987
0.29000000 1094.00300455
0.31000000 1100.92869065
0.33000000 1105.81235666
0.35000000 1109.30087469
0.37000000 1112.26142302
0.39000000 1115.31062701
0.41000000 1118.48584962
0.43000000 1121.44827270
0.45000000 1123.96280723
0.47000000 1126.28442219
0.49000000 1129.05163531
0.51000000 1134.18939534
0.53000000 1135.54233393
0.55000000 1141.97447478
0.57000000 1151.53571893
0.59000000 1161.25472506
0.61000000 1169.54697125
0.63000000 1176.05266330
0.65000000 1181.02239720
0.67000000 1184.83778332
0.69000000 1187.83469916
0.71000000 1190.23475275
0.73000000 1192.18956255
0.75000000 1193.78767335
0.77000000 1195.10126660
0.79000000 1196.17318847
0.81000000 1197.04691205
0.83000000 1197.74611788
0.85000000 1198.30237494
0.87000000 1198.73287753
0.89000000 1199.06521062
0.91000000 1199.31272231
0.93000000 1199.49831184
0.95000000 1199.63006550
0.97000000 1199.72543989
0.99000000 1199.78752747
1.01000000 1199.83000167
1.03000000 1199.85457318
1.05000000 1199.87189605
1.07000000 1199.88742983
1.09000000 1199.90229602
1.11000000 1199.91608377
1.13000000 1199.92829364
1.15000000 1199.93875762
1.17000000 1199.94755889
1.19000000 1199.95491725
1.21000000 1199.96107237
1.23000000 1199.96625101
1.25000000 1199.97063792
1.27000000 1199.97438597
1.29000000 1199.97761148
1.31000000 1199.98040773
1.33000000 1199.98284448
1.35000000 1199.98497812
1.37000000 1199.98685155
1.39000000 1199.98850062
1.41000000 1199.98995359
1.43000000 1199.99123483
1.45000000 1199.99236423
1.47000000 1199.99335931
1.49000000 1199.99423491
1.51000000 1199.99500430
1.53000000 1199.99567917
1.55000000 1199.99627008
1.57000000 1199.99678647
1.59000000 1199.99723681
1.61000000 1199.99762867
1.63000000 1199.99796887
1.65000000 1199.99826353
1.67000000 1199.99851816
1.69000000 1199.99873769
1.71000000 1199.99892654
1.73000000 1199.99908865
1.75000000 1199.99922751
1.77000000 1199.99934622
1.79000000 1199.99944750
1.81000000 1199.99953376
1.83000000 1199.99960708
1.85000000 1199.99966930
1.87000000 1199.99972202
1.89000000 1199.99976661
1.91000000 1199.99980428
1.93000000 1199.99983605
1.95000000 1199.99986280
1.97000000 1199.99988531
1.99000000 1199.99990421
2.01000000 1199.99992008
2.03000000 1199.99993337
2.05000000 1199.99994450
2.07000000 1199.99995381
2.09000000 1199.99996159
2.11000000 1199.99996808
2.13000000 1199.99997350
2.15000000 1199.99997801
2.17000000 1199.99998176
2.19000000 1199.99998489
2.21000000 1199.99998748
2.23000000 1199.99998964
2.25000000 1199.99999143
2.27000000 1199.99999291
2.29000000 1199.99999414
2.31000000 1199.99999516
2.33000000 1199.99999601
2.35000000 1199.99999670
2.37000000 1199.99999728
2.39000000 1199.99999776
2.41000000 1199.99999815
2.43000000 1199.99999848
2.45000000 1199.99999875
2.47000000 1199.99999897
2.49000000 1199.99999915
2.51000000 1199.99999930
2.53000000 1199.99999943
2.55000000 1199.99999953
2.57000000 1199.99999961
2.59000000 1199.99999968
2.61000000 1199.99999974
2.63000000 1199.99999978
2.65000000 1199.99999982
2.67000000 1199.99999986
2.69000000 1199.99999988
2.71000000 1199.99999990
2.73000000 1199.99999992
2.75000000 1199.99999993
2.77000000 1199.99999995
2.79000000 1199.99999996
2.81000000 1199.99999996
2.83000000 1199.99999997
2.85000000 1199.99999998
2.87000000 1199.99999998
2.89000000 1199.99999998
2.91000000 1199.99999999
2.93000000 1199.99999999
2.95000000 1199.99999999
2.97000000 1199.99999999
2.99000000 1199.99999999
3.01000000 1200.00000000
3.03000000 1200.00000000
3.05000000 1200.00000000
3.07000000 1200.00000000
3.09000000 1200.00000000
3.11000000 1200.00000000
3.13000000 1200.00000000
3.15000000 1200.00000000
3.17000000 1200.00000000
3.19000000 1200.00000000
3.21000000 1200.00000000
3.23000000 1200.00000000
3.25000000 1200.00000000
3.27000000 1200.00000000
3.29000000 1200.00000000
3.31000000 1200.00000000
3.33000000 1200.00000000
3.35000000 1200.00000000
3.37000000 1200.00000000
3.39000000 1200.00000000
3.41000000 1200.00000000
3.43000000 1200.00000000
3.45000000 1200.00000000
3.47000000 1200.00000000
3.49000000 1200.00000000
3.51000000 1200.00000000
3.53000000 1200.00000000
3.55000000 1200.00000000
3.57000000 1200.00000000
3.59000000 1200.00000000
3.61000000 1200.00000000
3.63000000 1200.00000000
3.65000000 1200.00000000
3.67000000 1200.00000000
3.69000000 1200.00000000
3.71000000 1200.00000000
3.73000000 1200.00000000
3.75000000 1200.00000000
3.77000000 1200.00000000
3.79000000 1200.00000000
3.81000000 1200.00000000
3.83000000 1200.00000000
3.85000000 1200.00000000
3.87000000 1200.00000000
3.89000000 1200.00000000
3.91000000 1200.00000000
3.93000000 1200.00000000
3.95000000 1200.00000000
3.97000000 1200.00000000
3.99000000 1200.00000000
4.01000000 1200.00000000
4.03000000 1200.00000000
4.05000000 1200.00000000
4.07000000 1200.00000000
4.09000000 1200.00000000
4.11000000 1200.00000000
4.13000000 1200.00000000
4.15000000 1200.00000000
4.17000000 1200.00000000
4.19000000 1200.00000000
4.21000000 1200.00000000
4.23000000 1200.00000000
4.25000000 1200.00000000
4.27000000 1200.00000000
4.29000000 1200.00000000
4.31000000 1200.00000000
4.33000000 1200.00000000
4.35000000 1200.00000000
4.37000000 1200.00000000
4.39000000 1200.00000000
4.41000000 1200.00000000
4.43000000 1200.00000000
4.45000000 1200.00000000
4.47000000 1200.00000000
4.49000000 1200.00000000
4.51000000 1200.00000000
4.53000000 1200.00000000
4.55000000 1200.00000000
4.57000000 1200.00000000
4.59000000 1200.00000000
4.61000000 1200.00000000
4.63000000 1200.00000000
4.65000000 1200.00000000
4.67000000 1200.00000000
4.69000000 1200.00000000
4.71000000 1200.00000000
4.73000000 1200.00000000
4.75000000 1200.00000000
4.77000000 1200.00000000
4.79000000 1200.00000000
4.81000000 1200.00000000
4.83000000 1200.00000000
4.85000000 1200.00000000
4.87000000 1200.00000000
4.89000000 1200.00000000
4.91000000 1200.00000000
4.93000000 1200.00000000
4.95000000 1200.00000000
4.97000000 1200.00000000
4.99000000 1200.00000000
5.01000000 1200.00000000
5.03000000 1200.00000000
5.05000000 1200.00000000
5.07000000 1200.00000000
5.09000000 1200.00000000
5.11000000 1200.00000000
5.13000000 1200.00000000
5.15000000 1200.00000000
5.17000000 1200.00000000
5.19000000 1200.00000000
5.21000000 1200.00000000
5.23000000 1200.00000000
5.25000000 1200.00000000
5.27000000 1200.00000000
5.29000000 1200.00000000
5.31000000 1200.00000000
5.33000000 1200.00000000
5.35000000 1200.00000000
5.37000000 1200.00000000
5.39000000 1200.00000000
5.41000000 1200.00000000
5.43000000 1200.00000000
5.45000000 1200.00000000
5.47000000 1200.00000000
5.49000000 1200.00000000
5.51000000 1200.00000000
5.53000000 1200.00000000
5.55000000 1200.00000000
5.57000000 1200.00000000
5.59000000 1200.00000000
5.61000000 1200.00000000
5.63000000 1200.00000000
5.65000000 1200.00000000
5.67000000 1200.00000000
5.69000000 1200.00000000
5.71000000 1200.00000000
5.73000000 1200.00000000
5.75000000 1200.00000000
5.77000000 1200.00000000
5.79000000 1200.00000000
5.81000000 1200.00000000
5.83000000 1200.00000000
5.85000000 1200.00000000
5.87000000 1200.00000000
5.89000000 1200.00000000
5.91000000 1200.00000000
5.93000000 1200.00000000
5.95000000 1200.00000000
5.97000000 1200.00000000
5.99000000 1200.00000000
6.01000000 1200.00000000
6.03000000 1200.00000000
6.05000000 1200.00000000
6.07000000 1200.00000000
6.09000000 1200.00000000
6.11000000 1200.00000000
6.13000000 1200.00000000
6.15000000 1200.00000000
6.17000000 1200.00000000
6.19000000 1200.00000000
6.21000000 1200.00000000
6.23000000 1200.00000000
6.25000000 1200.00000000
6.27000000 1200.00000000
6.29000000 1200.00000000
6.31000000 1200.00000000
6.33000000 1200.00000000
6.35000000 1200.00000000
6.37000000 1200.00000000
6.39000000 1200.00000000
6.41000000 1200.00000000
6.43000000 1200.00000000
6.45000000 1200.00000000
6.47000000 1200.00000000
6.49000000 1200.00000000
6.51000000 1200.00000000
6.53000000 1200.00000000
6.55000000 1200.00000000
6.57000000 1200.00000000
6.59000000 1200.00000000
6.61000000 1200.00000000
6.63000000 1200.00000000
6.65000000 1200.00000000
6.67000000 1200.00000000
6.69000000 1200.00000000
6.71000000 1200.00000000
6.73000000 1200.00000000
6.75000000 1200.00000000
6.77000000 1200.00000000
6.79000000 1200.00000000
6.81000000 1200.00000000
6.83000000 1200.00000000
6.85000000 1200.00000000
6.87000000 1200.00000000
6.89000000 1200.00000000
6.91000000 1200.00000000
6.93000000 1200.00000000
6.95000000 1200.00000000
6.97000000 1200.00000000
6.99000000 1200.00000000
7.01000000 1200.00000000
7.03000000 1200.00000000
7.05000000 1200.00000000
7.07000000 1200.00000000
7.09000000 1200.00000000
7.11000000 1200.00000000
7.13000000 1200.00000000
7.15000000 1200.00000000
7.17000000 1200.00000000
7.19000000 1200.00000000
7.21000000 1200.00000000
7.23000000 1200.00000000
7.25000000 1200.00000000
7.27000000 1200.00000000
7.29000000 1200.00000000
7.31000000 1200.00000000
7.33000000 1200.00000000
7.35000000 1200.00000000
7.37000000 1200.00000000
7.39000000 1200.00000000
7.41000000 1200.00000000
7.43000000 1200.00000000
7.45000000 1200.00000000
7.47000000 1200.00000000
7.49000000 1200.00000000
7.51000000 1200.00000000
7.53000000 1200.00000000
7.55000000 1200.00000000
7.57000000 1200.00000000
7.59000000 1200.00000000
7.61000000 1200.00000000
7.63000000 1200.00000000
7.65000000 1200.00000000
7.67000000 1200.00000000
7.69000000 1200.00000000
7.71000000 1200.00000000
7.73000000 1200.00000000
7.75000000 1200.00000000
7.77000000 1200.00000000
7.79000000 1200.00000000
7.81000000 1200.00000000
7.83000000 1200.00000000
7.85000000 1200.00000000
7.87000000 1200.00000000
7.89000000 1200.00000000
7.91000000 1200.00000000
7.93000000 1200.00000000
7.95000000 1200.00000000
7.97000000 1200.00000000
7.99000000 1200.00000000
