0.01000000 827.55282896
0.03000000 826.43213576
0.05000000 830.94680970
0.07000000 844.95603338
0.09000000 868.31719066
0.11000000 898.16513119
0.13000000 931.00812854
0.15000000 963.72660942
0.17000000 993.83649420
0.19000000 1019.75480114
0.21000000 1040.99847650
0.23000000 1058.09442105
0.25000000 1071.99376773
0.27000000 1083.42393383
0.29000000 1092.57596948
0.31000000 1099.40626212
0.33000000 1104.13168100
0.35000000 1107.48627966
0.37000000 1110.39961017
0.39000000 1113.46937753
0.41000000 1116.65607546
0.43000000 1119.57170130
0.45000000 1122.02115797
0.47000000 1124.36111010
0.49000000 1127.29673534
0.51000000 1132.73472751
0.53000000 1134.30957552
0.55000000 1141.01057530
0.57000000 1150.81547385
0.59000000 1160.70736915
0.61000000 1169.10925354
0.63000000 1175.68885149
0.65000000 1180.71932869
0.67000000 1184.59268067
0.69000000 1187.64670776
0.71000000 1190.10091394
0.73000000 1192.10471340
0.75000000 1193.74500656
0.77000000 1195.09336672
0.79000000 1196.19221004
0.81000000 1197.08535144
0.83000000 1197.79719698
0.85000000 1198.36084604
0.87000000 1198.79477071
0.89000000 1199.12767642
0.91000000 1199.37329912
0.93000000 1199.55511358
0.95000000 1199.68173734
0.97000000 1199.77161014
0.99000000 1199.82837820
1.01000000 1199.86615133
1.03000000 1199.88648593
1.05000000 1199.90004852
1.07000000 1199.91223488
1.09000000 1199.92408991
1.11000000 1199.93515871
1.13000000 1199.94492416
1.15000000 1199.95320895
1.17000000 1199.96008417
1.19000000 1199.96575232
1.21000000 1199.97043194
1.23000000 1199.97432729
1.25000000 1199.97760091
1.27000000 1199.98038477
1.29000000 1199.98277614
1.31000000 1199.98485130
1.33000000 1199.98666506
1.35000000 1199.98826080
1.37000000 1199.98967013
1.39000000 1199.99091905
1.41000000 1199.99202721
1.43000000 1199.99301150
1.45000000 1199.99388532
1.47000000 1199.99466059
1.49000000 1199.99534729
1.51000000 1199.99595449
1.53000000 1199.99649021
1.55000000 1199.99696181
1.57000000 1199.99737599
1.59000000 1199.99773882
1.61000000 1199.99805582
1.63000000 1199.99833203
1.65000000 1199.99857204
1.67000000 1199.99878002
1.69000000 1199.99895979
1.71000000 1199.99911476
1.73000000 1199.99924802
1.75000000 1199.99936236
1.77000000 1199.99946022
1.79000000 1199.99954380
1.81000000 1199.99961504
1.83000000 1199.99967564
1.85000000 1199.99972709
1.87000000 1199.99977068
1.89000000 1199.99980757
1.91000000 1199.99983872
1.93000000 1199.99986499
1.95000000 1199.99988711
1.97000000 1199.99990570
1.99000000 1199.99992132
2.01000000 1199.99993441
2.03000000 1199.99994538
2.05000000 1199.99995456
2.07000000 1199.99996222
2.09000000 1199.99996862
2.11000000 1199.99997396
2.13000000 1199.99997840
2.15000000 1199.99998210
2.17000000 1199.99998518
2.19000000 1199.99998773
2.21000000 1199.99998986
2.23000000 1199.99999162
2.25000000 1199.99999307
2.27000000 1199.99999428
2.29000000 1199.99999528
2.31000000 1199.99999611
2.33000000 1199.99999679
2.35000000 1199.99999736
2.37000000 1199.99999782
2.39000000 1199.99999821
2.41000000 1199.99999853
2.43000000 1199.99999879
2.45000000 1199.99999900
2.47000000 1199.99999918
2.49000000 1199.99999933
2.51000000 1199.99999945
2.53000000 1199.99999955
2.55000000 1199.99999963
2.57000000 1199.99999969
2.59000000 1199.99999975
2.61000000 1199.99999979
2.63000000 1199.99999983
2.65000000 1199.99999986
2.67000000 1199.99999989
2.69000000 1199.99999991
2.71000000 1199.99999992
2.73000000 1199.99999994
2.75000000 1199.99999995
2.77000000 1199.99999996
2.79000000 1199.99999997
2.81000000 1199.99999997
2.83000000 1199.99999998
2.85000000 1199.99999998
2.87000000 1199.99999998
2.89000000 1199.99999999
2.91000000 1199.99999999
2.93000000 1199.99999999
2.95000000 1199.99999999
2.97000000 1199.99999999
2.99000000 1200.00000000
3.01000000 1200.00000000
3.03000000 1200.00000000
3.05000000 1200.00000000
3.07000000 1200.00000000
3.09000000 1200.00000000
3.11000000 1200.00000000
3.13000000 1200.00000000
3.15000000 1200.00000000
3.17000000 1200.00000000
3.19000000 1200.00000000
3.21000000 1200.00000000
3.23000000 1200.00000000
3.25000000 1200.00000000
3.27000000 1200.00000000
3.29000000 1200.00000000
3.31000000 1200.00000000
3.33000000 1200.00000000
3.35000000 1200.00000000
3.37000000 1200.00000000
3.39000000 1200.00000000
3.41000000 1200.00000000
3.43000000 1200.00000000
3.45000000 1200.00000000
3.47000000 1200.00000000
3.49000000 1200.00000000
3.51000000 1200.00000000
3.53000000 1200.00000000
3.55000000 1200.00000000
3.57000000 1200.00000000
3.59000000 1200.00000000
3.61000000 1200.00000000
3.63000000 1200.00000000
3.65000000 1200.00000000
3.67000000 1200.00000000
3.69000000 1200.00000000
3.71000000 1200.00000000
3.73000000 1200.00000000
3.75000000 1200.00000000
3.77000000 1200.00000000
3.79000000 1200.00000000
3.81000000 1200.00000000
3.83000000 1200.00000000
3.85000000 1200.00000000
3.87000000 1200.00000000
3.89000000 1200.00000000
3.91000000 1200.00000000
3.93000000 1200.00000000
3.95000000 1200.00000000
3.97000000 1200.00000000
3.99000000 1200.00000000
4.01000000 1200.00000000
4.03000000 1200.00000000
4.05000000 1200.00000000
4.07000000 1200.00000000
4.09000000 1200.00000000
4.11000000 1200.00000000
4.13000000 1200.00000000
4.15000000 1200.00000000
4.17000000 1200.00000000
4.19000000 1200.00000000
4.21000000 1200.00000000
4.23000000 1200.00000000
4.25000000 1200.00000000
4.27000000 1200.00000000
4.29000000 1200.00000000
4.31000000 1200.00000000
4.33000000 1200.00000000
4.35000000 1200.00000000
4.37000000 1200.00000000
4.39000000 1200.00000000
4.41000000 1200.00000000
4.43000000 1200.00000000
4.45000000 1200.00000000
4.47000000 1200.00000000
4.49000000 1200.00000000
4.51000000 1200.00000000
4.53000000 1200.00000000
4.55000000 1200.00000000
4.57000000 1200.00000000
4.59000000 1200.00000000
4.61000000 1200.00000000
4.63000000 1200.00000000
4.65000000 1200.00000000
4.67000000 1200.00000000
4.69000000 1200.00000000
4.71000000 1200.00000000
4.73000000 1200.00000000
4.75000000 1200.00000000
4.77000000 1200.00000000
4.79000000 1200.00000000
4.81000000 1200.00000000
4.83000000 1200.00000000
4.85000000 1200.00000000
4.87000000 1200.00000000
4.89000000 1200.00000000
4.91000000 1200.00000000
4.93000000 1200.00000000
4.95000000 1200.00000000
4.97000000 1200.00000000
4.99000000 1200.00000000
5.01000000 1200.00000000
5.03000000 1200.00000000
5.05000000 1200.00000000
5.07000000 1200.00000000
5.09000000 1200.00000000
5.11000000 1200.00000000
5.13000000 1200.00000000
5.15000000 1200.00000000
5.17000000 1200.00000000
5.19000000 1200.00000000
5.21000000 1200.00000000
5.23000000 1200.00000000
5.25000000 1200.00000000
5.27000000 1200.00000000
5.29000000 1200.00000000
5.31000000 1200.00000000
5.33000000 1200.00000000
5.35000000 1200.00000000
5.37000000 1200.00000000
5.39000000 1200.00000000
5.41000000 1200.00000000
5.43000000 1200.00000000
5.45000000 1200.00000000
5.47000000 1200.00000000
5.49000000 1200.00000000
5.51000000 1200.00000000
5.53000000 1200.00000000
5.55000000 1200.00000000
5.57000000 1200.00000000
5.59000000 1200.00000000
5.61000000 1200.00000000
5.63000000 1200.00000000
5.65000000 1200.00000000
5.67000000 1200.00000000
5.69000000 1200.00000000
5.71000000 1200.00000000
5.73000000 1200.00000000
5.75000000 1200.00000000
5.77000000 1200.00000000
5.79000000 1200.00000000
5.81000000 1200.00000000
5.83000000 1200.00000000
5.85000000 1200.00000000
5.87000000 1200.00000000
5.89000000 1200.00000000
5.91000000 1200.00000000
5.93000000 1200.00000000
5.95000000 1200.00000000
5.97000000 1200.00000000
5.99000000 1200.00000000
6.01000000 1200.00000000
6.03000000 1200.00000000
6.05000000 1200.00000000
6.07000000 1200.00000000
6.09000000 1200.00000000
6.11000000 1200.00000000
6.13000000 1200.00000000
6.15000000 1200.00000000
6.17000000 1200.00000000
6.19000000 1200.00000000
6.21000000 1200.00000000
6.23000000 1200.00000000
6.25000000 1200.00000000
6.27000000 1200.00000000
6.29000000 1200.00000000
6.31000000 1200.00000000
6.33000000 1200.00000000
6.35000000 1200.00000000
6.37000000 1200.00000000
6.39000000 1200.00000000
6.41000000 1200.00000000
6.43000000 1200.00000000
6.45000000 1200.00000000
6.47000000 1200.00000000
6.49000000 1200.00000000
6.51000000 1200.00000000
6.53000000 1200.00000000
6.55000000 1200.00000000
6.57000000 1200.00000000
6.59000000 1200.00000000
6.61000000 1200.00000000
6.63000000 1200.00000000
6.65000000 1200.00000000
6.67000000 1200.00000000
6.69000000 1200.00000000
6.71000000 1200.00000000
6.73000000 1200.00000000
6.75000000 1200.00000000
6.77000000 1200.00000000
6.79000000 1200.00000000
6.81000000 1200.00000000
6.83000000 1200.00000000
6.85000000 1200.00000000
6.87000000 1200.00000000
6.89000000 1200.00000000
6.91000000 1200.00000000
6.93000000 1200.00000000
6.95000000 1200.00000000
6.97000000 1200.00000000
6.99000000 1200.00000000
7.01000000 1200.00000000
7.03000000 1200.00000000
7.05000000 1200.00000000
7.07000000 1200.00000000
7.09000000 1200.00000000
7.11000000 1200.00000000
7.13000000 1200.00000000
7.15000000 1200.00000000
7.17000000 1200.00000000
7.19000000 1200.00000000
7.21000000 1200.00000000
7.23000000 1200.00000000
7.25000000 1200.00000000
7.27000000 1200.00000000
7.29000000 1200.00000000
7.31000000 1200.00000000
7.33000000 1200.00000000
7.35000000 1200.00000000
7.37000000 1200.00000000
7.39000000 1200.00000000
7.41000000 1200.00000000
7.43000000 1200.00000000
7.45000000 1200.00000000
7.47000000 1200.00000000
7.49000000 1200.00000000
7.51000000 1200.00000000
7.53000000 1200.00000000
7.55000000 1200.00000000
7.57000000 1200.00000000
7.59000000 1200.00000000
7.61000000 1200.00000000
7.63000000 1200.00000000
7.65000000 1200.00000000
7.67000000 1200.00000000
7.69000000 1200.00000000
7.71000000 1200.00000000
7.73000000 1200.00000000
7.75000000 1200.00000000
7.77000000 1200.00000000
7.79000000 1200.00000000
7.81000000 1200.00000000
7.83000000 1200.00000000
7.85000000 1200.00000000
7.87000000 1200.00000000
7.89000000 1200.00000000
7.91000000 1200.00000000
7.93000000 1200.00000000
7.95000000 1200.00000000
7.97000000 1200.00000000
7.99000000 1200.00000000
