0.01000000 852.51661900
0.03000000 851.08613892
0.05000000 854.72917887
0.07000000 867.66143894
0.09000000 890.30970388
0.11000000 919.73012879
0.13000000 951.88653246
0.15000000 983.46001775
0.17000000 1012.48710330
0.19000000 1038.16718458
0.21000000 1060.24508870
0.23000000 1078.60705280
0.25000000 1093.21924469
0.27000000 1104.38895127
0.29000000 1112.87360087
0.31000000 1119.71431775
0.33000000 1125.76815826
0.35000000 1131.39860759
0.37000000 1136.48073038
0.39000000 1140.79516401
0.41000000 1144.36696717
0.43000000 1147.60128004
0.45000000 1152.36441323
0.47000000 1152.83879580
0.49000000 1157.49287707
0.51000000 1164.93124410
0.53000000 1172.59481909
0.55000000 1179.03349497
0.57000000 1183.91932682
0.59000000 1187.45990072
0.61000000 1190.01508344
0.63000000 1191.88745153
0.65000000 1193.30896817
0.67000000 1194.42038603
0.69000000 1195.32054808
0.71000000 1196.05612971
0.73000000 1196.66671450
0.75000000 1197.16692234
0.77000000 1197.58235558
0.79000000 1197.92231459
0.81000000 1198.20871090
0.83000000 1198.44539546
0.85000000 1198.64741630
0.87000000 1198.81249281
0.89000000 1198.95258808
0.91000000 1199.06662329
0.93000000 1199.16571885
0.95000000 1199.25629666
0.97000000 1199.34006096
0.99000000 1199.41676260
1.01000000 1199.48604361
1.03000000 1199.54792068
1.05000000 1199.60280331
1.07000000 1199.65128515
1.09000000 1199.69404341
1.11000000 1199.73172553
1.13000000 1199.76493614
1.15000000 1199.79420187
1.17000000 1199.81999128
1.19000000 1199.84270698
1.21000000 1199.86270706
1.23000000 1199.88030234
1.25000000 1199.89577060
1.27000000 1199.90935471
1.29000000 1199.92127165
1.31000000 1199.93171235
1.33000000 1199.94084767
1.35000000 1199.94882940
1.37000000 1199.95579331
1.39000000 1199.96186049
1.41000000 1199.96713867
1.43000000 1199.97172358
1.45000000 1199.97570025
1.47000000 1199.97914414
1.49000000 1199.98212214
1.51000000 1199.98469346
1.53000000 1199.98691039
1.55000000 1199.98881905
1.57000000 1199.99046001
1.59000000 1199.99186891
1.61000000 1199.99307698
1.63000000 1199.99411152
1.65000000 1199.99499635
1.67000000 1199.99575224
1.69000000 1199.99639722
1.71000000 1199.99694697
1.73000000 1199.99741502
1.75000000 1199.99781311
1.77000000 1199.99815136
1.79000000 1199.99843848
1.81000000 1199.99868198
1.83000000 1199.99888830
1.85000000 1199.99906296
1.87000000 1199.99921070
1.89000000 1199.99933557
1.91000000 1199.99944102
1.93000000 1199.99953002
1.95000000 1199.99960507
1.97000000 1199.99966832
1.99000000 1199.99972158
2.01000000 1199.99976641
2.03000000 1199.99980412
2.05000000 1199.99983582
2.07000000 1199.99986245
2.09000000 1199.99988481
2.11000000 1199.99990358
2.13000000 1199.99991933
2.15000000 1199.99993252
2.17000000 1199.99994359
2.19000000 1199.99995285
2.21000000 1199.99996061
2.23000000 1199.99996710
2.25000000 1199.99997253
2.27000000 1199.99997707
2.29000000 1199.99998087
2.31000000 1199.99998404
2.33000000 1199.99998670
2.35000000 1199.99998891
2.37000000 1199.99999076
2.39000000 1199.99999230
2.41000000 1199.99999358
2.43000000 1199.99999466
2.45000000 1199.99999555
2.47000000 1199.99999630
2.49000000 1199.99999692
2.51000000 1199.99999744
2.53000000 1199.99999787
2.55000000 1199.99999823
2.57000000 1199.99999852
2.59000000 1199.99999877
2.61000000 1199.99999898
2.63000000 1199.99999915
2.65000000 1199.99999930
2.67000000 1199.99999942
2.69000000 1199.99999951
2.71000000 1199.99999960
2.73000000 1199.99999966
2.75000000 1199.99999972
2.77000000 1199.99999977
2.79000000 1199.99999981
2.81000000 1199.99999984
2.83000000 1199.99999987
2.85000000 1199.99999989
2.87000000 1199.99999991
2.89000000 1199.99999992
2.91000000 1199.99999994
2.93000000 1199.99999995
2.95000000 1199.99999996
2.97000000 1199.99999996
2.99000000 1199.99999997
3.01000000 1199.99999998
3.03000000 1199.99999998
3.05000000 1199.99999998
3.07000000 1199.99999999
3.09000000 1199.99999999
3.11000000 1199.99999999
3.13000000 1199.99999999
3.15000000 1199.99999999
3.17000000 1199.99999999
3.19000000 1200.00000000
3.21000000 1200.00000000
3.23000000 1200.00000000
3.25000000 1200.00000000
3.27000000 1200.00000000
3.29000000 1200.00000000
3.31000000 1200.00000000
3.33000000 1200.00000000
3.35000000 1200.00000000
3.37000000 1200.00000000
3.39000000 1200.00000000
3.41000000 1200.00000000
3.43000000 1200.00000000
3.45000000 1200.00000000
3.47000000 1200.00000000
3.49000000 1200.00000000
3.51000000 1200.00000000
3.53000000 1200.00000000
3.55000000 1200.00000000
3.57000000 1200.00000000
3.59000000 1200.00000000
3.61000000 1200.00000000
3.63000000 1200.00000000
3.65000000 1200.00000000
3.67000000 1200.00000000
3.69000000 1200.00000000
3.71000000 1200.00000000
3.73000000 1200.00000000
3.75000000 1200.00000000
3.77000000 1200.00000000
3.79000000 1200.00000000
3.81000000 1200.00000000
3.83000000 1200.00000000
3.85000000 1200.00000000
3.87000000 1200.00000000
3.89000000 1200.00000000
3.91000000 1200.00000000
3.93000000 1200.00000000
3.95000000 1200.00000000
3.97000000 1200.00000000
3.99000000 1200.00000000
4.01000000 1200.00000000
4.03000000 1200.00000000
4.05000000 1200.00000000
4.07000000 1200.00000000
4.09000000 1200.00000000
4.11000000 1200.00000000
4.13000000 1200.00000000
4.15000000 1200.00000000
4.17000000 1200.00000000
4.19000000 1200.00000000
4.21000000 1200.00000000
4.23000000 1200.00000000
4.25000000 1200.00000000
4.27000000 1200.00000000
4.29000000 1200.00000000
4.31000000 1200.00000000
4.33000000 1200.00000000
4.35000000 1200.00000000
4.37000000 1200.00000000
4.39000000 1200.00000000
4.41000000 1200.00000000
4.43000000 1200.00000000
4.45000000 1200.00000000
4.47000000 1200.00000000
4.49000000 1200.00000000
4.51000000 1200.00000000
4.53000000 1200.00000000
4.55000000 1200.00000000
4.57000000 1200.00000000
4.59000000 1200.00000000
4.61000000 1200.00000000
4.63000000 1200.00000000
4.65000000 1200.00000000
4.67000000 1200.00000000
4.69000000 1200.00000000
4.71000000 1200.00000000
4.73000000 1200.00000000
4.75000000 1200.00000000
4.77000000 1200.00000000
4.79000000 1200.00000000
4.81000000 1200.00000000
4.83000000 1200.00000000
4.85000000 1200.00000000
4.87000000 1200.00000000
4.89000000 1200.00000000
4.91000000 1200.00000000
4.93000000 1200.00000000
4.95000000 1200.00000000
4.97000000 1200.00000000
4.99000000 1200.00000000
5.01000000 1200.00000000
5.03000000 1200.00000000
5.05000000 1200.00000000
5.07000000 1200.00000000
5.09000000 1200.00000000
5.11000000 1200.00000000
5.13000000 1200.00000000
5.15000000 1200.00000000
5.17000000 1200.00000000
5.19000000 1200.00000000
5.21000000 1200.00000000
5.23000000 1200.00000000
5.25000000 1200.00000000
5.27000000 1200.00000000
5.29000000 1200.00000000
5.31000000 1200.00000000
5.33000000 1200.00000000
5.35000000 1200.00000000
5.37000000 1200.00000000
5.39000000 1200.00000000
5.41000000 1200.00000000
5.43000000 1200.00000000
5.45000000 1200.00000000
5.47000000 1200.00000000
5.49000000 1200.00000000
5.51000000 1200.00000000
5.53000000 1200.00000000
5.55000000 1200.00000000
5.57000000 1200.00000000
5.59000000 1200.00000000
5.61000000 1200.00000000
5.63000000 1200.00000000
5.65000000 1200.00000000
5.67000000 1200.00000000
5.69000000 1200.00000000
5.71000000 1200.00000000
5.73000000 1200.00000000
5.75000000 1200.00000000
5.77000000 1200.00000000
5.79000000 1200.00000000
5.81000000 1200.00000000
5.83000000 1200.00000000
5.85000000 1200.00000000
5.87000000 1200.00000000
5.89000000 1200.00000000
5.91000000 1200.00000000
5.93000000 1200.00000000
5.95000000 1200.00000000
5.97000000 1200.00000000
5.99000000 1200.00000000
6.01000000 1200.00000000
6.03000000 1200.00000000
6.05000000 1200.00000000
6.07000000 1200.00000000
6.09000000 1200.00000000
6.11000000 1200.00000000
6.13000000 1200.00000000
6.15000000 1200.00000000
6.17000000 1200.00000000
6.19000000 1200.00000000
6.21000000 1200.00000000
6.23000000 1200.00000000
6.25000000 1200.00000000
6.27000000 1200.00000000
6.29000000 1200.00000000
6.31000000 1200.00000000
6.33000000 1200.00000000
6.35000000 1200.00000000
6.37000000 1200.00000000
6.39000000 1200.00000000
6.41000000 1200.00000000
6.43000000 1200.00000000
6.45000000 1200.00000000
6.47000000 1200.00000000
6.49000000 1200.00000000
6.51000000 1200.00000000
6.53000000 1200.00000000
6.55000000 1200.00000000
6.57000000 1200.00000000
6.59000000 1200.00000000
6.61000000 1200.00000000
6.63000000 1200.00000000
6.65000000 1200.00000000
6.67000000 1200.00000000
6.69000000 1200.00000000
6.71000000 1200.00000000
6.73000000 1200.00000000
6.75000000 1200.00000000
6.77000000 1200.00000000
6.79000000 1200.00000000
6.81000000 1200.00000000
6.83000000 1200.00000000
6.85000000 1200.00000000
6.87000000 1200.00000000
6.89000000 1200.00000000
6.91000000 1200.00000000
6.93000000 1200.00000000
6.95000000 1200.00000000
6.97000000 1200.00000000
6.99000000 1200.00000000
7.01000000 1200.00000000
7.03000000 1200.00000000
7.05000000 1200.00000000
7.07000000 1200.00000000
7.09000000 1200.00000000
7.11000000 1200.00000000
7.13000000 1200.00000000
7.15000000 1200.00000000
7.17000000 1200.00000000
7.19000000 1200.00000000
7.21000000 1200.00000000
7.23000000 1200.00000000
7.25000000 1200.00000000
7.27000000 1200.00000000
7.29000000 1200.00000000
7.31000000 1200.00000000
7.33000000 1200.00000000
7.35000000 1200.00000000
7.37000000 1200.00000000
7.39000000 1200.00000000
7.41000000 1200.00000000
7.43000000 1200.00000000
7.45000000 1200.00000000
7.47000000 1200.00000000
7.49000000 1200.00000000
7.51000000 1200.00000000
7.53000000 1200.00000000
7.55000000 1200.00000000
7.57000000 1200.00000000
7.59000000 1200.00000000
7.61000000 1200.00000000
7.63000000 1200.00000000
7.65000000 1200.00000000
7.67000000 1200.00000000
7.69000000 1200.00000000
7.71000000 1200.00000000
7.73000000 1200.00000000
7.75000000 1200.00000000
7.77000000 1200.00000000
7.79000000 1200.00000000
7.81000000 1200.00000000
7.83000000 1200.00000000
7.85000000 1200.00000000
7.87000000 1200.00000000
7.89000000 1200.00000000
7.91000000 1200.00000000
7.93000000 1200.00000000
7.95000000 1200.00000000
7.97000000 1200.00000000
7.99000000 1200.00000000
