0.01000000 810.65150052
0.03000000 809.72565394
0.05000000 815.21237871
0.07000000 831.48896038
0.09000000 858.11481501
0.11000000 891.51270839
0.13000000 927.52999660
0.15000000 962.64986133
0.17000000 994.28514710
0.19000000 1020.99847153
0.21000000 1042.56861850
0.23000000 1059.74111746
0.25000000 1073.53829348
0.27000000 1084.66291239
0.29000000 1093.32909134
0.31000000 1099.66816875
0.33000000 1104.14744493
0.35000000 1107.63455919
0.37000000 1110.93498607
0.39000000 1114.35225661
0.41000000 1117.63067841
0.43000000 1120.44556733
0.45000000 1122.87475274
0.47000000 1125.52419707
0.49000000 1130.54263643
0.51000000 1131.60364987
0.53000000 1138.61929863
0.55000000 1149.03577637
0.57000000 1159.39770300
0.59000000 1168.01247742
0.61000000 1174.64996589
0.63000000 1179.67837244
0.65000000 1183.56729336
0.67000000 1186.66153951
0.69000000 1189.19127454
0.71000000 1191.28183777
0.73000000 1193.02393338
0.75000000 1194.46843100
0.77000000 1195.66647803
0.79000000 1196.64458544
0.81000000 1197.43804467
0.83000000 1198.06481478
0.85000000 1198.55719024
0.87000000 1198.93196835
0.89000000 1199.21882755
0.91000000 1199.42910120
0.93000000 1199.58516499
0.95000000 1199.69136021
0.97000000 1199.76564260
0.99000000 1199.81166598
1.01000000 1199.84463765
1.03000000 1199.87228554
1.05000000 1199.89649650
1.07000000 1199.91715782
1.09000000 1199.93414041
1.11000000 1199.94767662
1.13000000 1199.95827015
1.15000000 1199.96647948
1.17000000 1199.97283043
1.19000000 1199.97775247
1.21000000 1199.98159319
1.23000000 1199.98461456
1.25000000 1199.98701980
1.27000000 1199.98895663
1.29000000 1199.99053778
1.31000000 1199.99184388
1.33000000 1199.99293695
1.35000000 1199.99386150
1.37000000 1199.99465224
1.39000000 1199.99533411
1.41000000 1199.99592661
1.43000000 1199.99644391
1.45000000 1199.99689737
1.47000000 1199.99729579
1.49000000 1199.99764641
1.51000000 1199.99795519
1.53000000 1199.99822703
1.55000000 1199.99846605
1.57000000 1199.99867584
1.59000000 1199.99885956
1.61000000 1199.99902004
1.63000000 1199.99915985
1.65000000 1199.99928131
1.67000000 1199.99938655
1.69000000 1199.99947749
1.71000000 1199.99955586
1.73000000 1199.99962321
1.75000000 1199.99968096
1.77000000 1199.99973035
1.79000000 1199.99977249
1.81000000 1199.99980837
1.83000000 1199.99983885
1.85000000 1199.99986469
1.87000000 1199.99988655
1.89000000 1199.99990501
1.91000000 1199.99992058
1.93000000 1199.99993368
1.95000000 1199.99994469
1.97000000 1199.99995392
1.99000000 1199.99996166
2.01000000 1199.99996813
2.03000000 1199.99997354
2.05000000 1199.99997805
2.07000000 1199.99998181
2.09000000 1199.99998494
2.11000000 1199.99998754
2.13000000 1199.99998970
2.15000000 1199.99999149
2.17000000 1199.99999298
2.19000000 1199.99999421
2.21000000 1199.99999523
2.23000000 1199.99999607
2.25000000 1199.99999676
2.27000000 1199.99999734
2.29000000 1199.99999781
2.31000000 1199.99999820
2.33000000 1199.99999852
2.35000000 1199.99999879
2.37000000 1199.99999901
2.39000000 1199.99999918
2.41000000 1199.99999933
2.43000000 1199.99999945
2.45000000 1199.99999955
2.47000000 1199.99999963
2.49000000 1199.99999970
2.51000000 1199.99999975
2.53000000 1199.99999980
2.55000000 1199.99999984
2.57000000 1199.99999987
2.59000000 1199.99999989
2.61000000 1199.99999991
2.63000000 1199.99999993
2.65000000 1199.99999994
2.67000000 1199.99999995
2.69000000 1199.99999996
2.71000000 1199.99999997
2.73000000 1199.99999997
2.75000000 1199.99999998
2.77000000 1199.99999998
2.79000000 1199.99999999
2.81000000 1199.99999999
2.83000000 1199.99999999
2.85000000 1199.99999999
2.87000000 1199.99999999
2.89000000 1199.99999999
2.91000000 1200.00000000
2.93000000 1200.00000000
2.95000000 1200.00000000
2.97000000 1200.00000000
2.99000000 1200.00000000
3.01000000 1200.00000000
3.03000000 1200.00000000
3.05000000 1200.00000000
3.07000000 1200.00000000
3.09000000 1200.00000000
3.11000000 1200.00000000
3.13000000 1200.00000000
3.15000000 1200.00000000
3.17000000 1200.00000000
3.19000000 1200.00000000
3.21000000 1200.00000000
3.23000000 1200.00000000
3.25000000 1200.00000000
3.27000000 1200.00000000
3.29000000 1200.00000000
3.31000000 1200.00000000
3.33000000 1200.00000000
3.35000000 1200.00000000
3.37000000 1200.00000000
3.39000000 1200.00000000
3.41000000 1200.00000000
3.43000000 1200.00000000
3.45000000 1200.00000000
3.47000000 1200.00000000
3.49000000 1200.00000000
3.51000000 1200.00000000
3.53000000 1200.00000000
3.55000000 1200.00000000
3.57000000 1200.00000000
3.59000000 1200.00000000
3.61000000 1200.00000000
3.63000000 1200.00000000
3.65000000 1200.00000000
3.67000000 1200.00000000
3.69000000 1200.00000000
3.71000000 1200.00000000
3.73000000 1200.00000000
3.75000000 1200.00000000
3.77000000 1200.00000000
3.79000000 1200.00000000
3.81000000 1200.00000000
3.83000000 1200.00000000
3.85000000 1200.00000000
3.87000000 1200.00000000
3.89000000 1200.00000000
3.91000000 1200.00000000
3.93000000 1200.00000000
3.95000000 1200.00000000
3.97000000 1200.00000000
3.99000000 1200.00000000
4.01000000 1200.00000000
4.03000000 1200.00000000
4.05000000 1200.00000000
4.07000000 1200.00000000
4.09000000 1200.00000000
4.11000000 1200.00000000
4.13000000 1200.00000000
4.15000000 1200.00000000
4.17000000 1200.00000000
4.19000000 1200.00000000
4.21000000 1200.00000000
4.23000000 1200.00000000
4.25000000 1200.00000000
4.27000000 1200.00000000
4.29000000 1200.00000000
4.31000000 1200.00000000
4.33000000 1200.00000000
4.35000000 1200.00000000
4.37000000 1200.00000000
4.39000000 1200.00000000
4.41000000 1200.00000000
4.43000000 1200.00000000
4.45000000 1200.00000000
4.47000000 1200.00000000
4.49000000 1200.00000000
4.51000000 1200.00000000
4.53000000 1200.00000000
4.55000000 1200.00000000
4.57000000 1200.00000000
4.59000000 1200.00000000
4.61000000 1200.00000000
4.63000000 1200.00000000
4.65000000 1200.00000000
4.67000000 1200.00000000
4.69000000 1200.00000000
4.71000000 1200.00000000
4.73000000 1200.00000000
4.75000000 1200.00000000
4.77000000 1200.00000000
4.79000000 1200.00000000
4.81000000 1200.00000000
4.83000000 1200.00000000
4.85000000 1200.00000000
4.87000000 1200.00000000
4.89000000 1200.00000000
4.91000000 1200.00000000
4.93000000 1200.00000000
4.95000000 1200.00000000
4.97000000 1200.00000000
4.99000000 1200.00000000
5.01000000 1200.00000000
5.03000000 1200.00000000
5.05000000 1200.00000000
5.07000000 1200.00000000
5.09000000 1200.00000000
5.11000000 1200.00000000
5.13000000 1200.00000000
5.15000000 1200.00000000
5.17000000 1200.00000000
5.19000000 1200.00000000
5.21000000 1200.00000000
5.23000000 1200.00000000
5.25000000 1200.00000000
5.27000000 1200.00000000
5.29000000 1200.00000000
5.31000000 1200.00000000
5.33000000 1200.00000000
5.35000000 1200.00000000
5.37000000 1200.00000000
5.39000000 1200.00000000
5.41000000 1200.00000000
5.43000000 1200.00000000
5.45000000 1200.00000000
5.47000000 1200.00000000
5.49000000 1200.00000000
5.51000000 1200.00000000
5.53000000 1200.00000000
5.55000000 1200.00000000
5.57000000 1200.00000000
5.59000000 1200.00000000
5.61000000 1200.00000000
5.63000000 1200.00000000
5.65000000 1200.00000000
5.67000000 1200.00000000
5.69000000 1200.00000000
5.71000000 1200.00000000
5.73000000 1200.00000000
5.75000000 1200.00000000
5.77000000 1200.00000000
5.79000000 1200.00000000
5.81000000 1200.00000000
5.83000000 1200.00000000
5.85000000 1200.00000000
5.87000000 1200.00000000
5.89000000 1200.00000000
5.91000000 1200.00000000
5.93000000 1200.00000000
5.95000000 1200.00000000
5.97000000 1200.00000000
5.99000000 1200.00000000
6.01000000 1200.00000000
6.03000000 1200.00000000
6.05000000 1200.00000000
6.07000000 1200.00000000
6.09000000 1200.00000000
6.11000000 1200.00000000
6.13000000 1200.00000000
6.15000000 1200.00000000
6.17000000 1200.00000000
6.19000000 1200.00000000
6.21000000 1200.00000000
6.23000000 1200.00000000
6.25000000 1200.00000000
6.27000000 1200.00000000
6.29000000 1200.00000000
6.31000000 1200.00000000
6.33000000 1200.00000000
6.35000000 1200.00000000
6.37000000 1200.00000000
6.39000000 1200.00000000
6.41000000 1200.00000000
6.43000000 1200.00000000
6.45000000 1200.00000000
6.47000000 1200.00000000
6.49000000 1200.00000000
6.51000000 1200.00000000
6.53000000 1200.00000000
6.55000000 1200.00000000
6.57000000 1200.00000000
6.59000000 1200.00000000
6.61000000 1200.00000000
6.63000000 1200.00000000
6.65000000 1200.00000000
6.67000000 1200.00000000
6.69000000 1200.00000000
6.71000000 1200.00000000
6.73000000 1200.00000000
6.75000000 1200.00000000
6.77000000 1200.00000000
6.79000000 1200.00000000
6.81000000 1200.00000000
6.83000000 1200.00000000
6.85000000 1200.00000000
6.87000000 1200.00000000
6.89000000 1200.00000000
6.91000000 1200.00000000
6.93000000 1200.00000000
6.95000000 1200.00000000
6.97000000 1200.00000000
6.99000000 1200.00000000
7.01000000 1200.00000000
7.03000000 1200.00000000
7.05000000 1200.00000000
7.07000000 1200.00000000
7.09000000 1200.00000000
7.11000000 1200.00000000
7.13000000 1200.00000000
7.15000000 1200.00000000
7.17000000 1200.00000000
7.19000000 1200.00000000
7.21000000 1200.00000000
7.23000000 1200.00000000
7.25000000 1200.00000000
7.27000000 1200.00000000
7.29000000 1200.00000000
7.31000000 1200.00000000
7.33000000 1200.00000000
7.35000000 1200.00000000
7.37000000 1200.00000000
7.39000000 1200.00000000
7.41000000 1200.00000000
7.43000000 1200.00000000
7.45000000 1200.00000000
7.47000000 1200.00000000
7.49000000 1200.00000000
7.51000000 1200.00000000
7.53000000 1200.00000000
7.55000000 1200.00000000
7.57000000 1200.00000000
7.59000000 1200.00000000
7.61000000 1200.00000000
7.63000000 1200.00000000
7.65000000 1200.00000000
7.67000000 1200.00000000
7.69000000 1200.00000000
7.71000000 1200.00000000
7.73000000 1200.00000000
7.75000000 1200.00000000
7.77000000 1200.00000000
7.79000000 1200.00000000
7.81000000 1200.00000000
7.83000000 1200.00000000
7.85000000 1200.00000000
7.87000000 1200.00000000
7.89000000 1200.00000000
7.91000000 1200.00000000
7.93000000 1200.00000000
7.95000000 1200.00000000
7.97000000 1200.00000000
7.99000000 1200.00000000
